Homework Eigenvalues
PART A
Testing jacobi routines routines on A, 11-by-11 random symmetric matrix
        33         -7        -57        -15         38        -26         15          3         73        -86         15 
        -7         21        -38         51        -86        -54         45        -88         88        -52         44 
       -57        -38        -62         87         -7         15        -61        -85         77        -26        -52 
       -15         51         87        -16         27         -6         13         44         43         47         74 
        38        -86         -7         27         63        -47         27         88          9        -12        -41 
       -26        -54         15         -6        -47        -36          2        -95        -59        -51         21 
        15         45        -61         13         27          2        -77        -29        -74          9         -5 
         3        -88        -85         44         88        -95        -29          4         49         68         -1 
        73         88         77         43          9        -59        -74         49        -41         37        -70 
       -86        -52        -26         47        -12        -51          9         68         37         25         28 
        15         44        -52         74        -41         21         -5         -1        -70         28         87 
If A is symmetric then A^T = A
PASSED

Comparing timesJ and Jtimes routines with matrix multiplications with literal constructed Jacobi rotation matrix:
J with p=2 q=9. Angle to eliminate matrix element (2,9) in A is theta: -0.2694:
         1          0          0          0          0          0          0          0          0          0          0 
         0          1          0          0          0          0          0          0          0          0          0 
         0          0      0.964          0          0          0          0          0          0     -0.266          0 
         0          0          0          1          0          0          0          0          0          0          0 
         0          0          0          0          1          0          0          0          0          0          0 
         0          0          0          0          0          1          0          0          0          0          0 
         0          0          0          0          0          0          1          0          0          0          0 
         0          0          0          0          0          0          0          1          0          0          0 
         0          0          0          0          0          0          0          0          1          0          0 
         0          0      0.266          0          0          0          0          0          0      0.964          0 
         0          0          0          0          0          0          0          0          0          0          1 

A*J by literal matrix mult is:
        33         -7      -77.8        -15         38        -26         15          3         73      -67.7         15 
        -7         21      -50.5         51        -86        -54         45        -88         88        -40         44 
       -57        -38      -66.7         87         -7         15        -61        -85         77      -8.56        -52 
       -15         51       96.4        -16         27         -6         13         44         43       22.2         74 
        38        -86      -9.94         27         63        -47         27         88          9       -9.7        -41 
       -26        -54      0.887         -6        -47        -36          2        -95        -59      -53.2         21 
        15         45      -56.4         13         27          2        -77        -29        -74       24.9         -5 
         3        -88      -63.8         44         88        -95        -29          4         49       88.2         -1 
        73         88       84.1         43          9        -59        -74         49        -41       15.2        -70 
       -86        -52      -18.4         47        -12        -51          9         68         37         31         28 
        15         44      -42.7         74        -41         21         -5         -1        -70       40.8         87 

timesJ(A,p,q,theta) result is:
        33         -7      -77.8        -15         38        -26         15          3         73      -67.7         15 
        -7         21      -50.5         51        -86        -54         45        -88         88        -40         44 
       -57        -38      -66.7         87         -7         15        -61        -85         77      -8.56        -52 
       -15         51       96.4        -16         27         -6         13         44         43       22.2         74 
        38        -86      -9.94         27         63        -47         27         88          9       -9.7        -41 
       -26        -54      0.887         -6        -47        -36          2        -95        -59      -53.2         21 
        15         45      -56.4         13         27          2        -77        -29        -74       24.9         -5 
         3        -88      -63.8         44         88        -95        -29          4         49       88.2         -1 
        73         88       84.1         43          9        -59        -74         49        -41       15.2        -70 
       -86        -52      -18.4         47        -12        -51          9         68         37         31         28 
        15         44      -42.7         74        -41         21         -5         -1        -70       40.8         87 
PASSED

J^T*S*J by literal matrix mult is:
        33         -7      -77.8        -15         38        -26         15          3         73      -67.7         15 
        -7         21      -50.5         51        -86        -54         45        -88         88        -40         44 
     -77.8      -50.5      -69.2       96.4      -9.94      0.887      -56.4      -63.8       84.1  -3.55e-15      -42.7 
       -15         51       96.4        -16         27         -6         13         44         43       22.2         74 
        38        -86      -9.94         27         63        -47         27         88          9       -9.7        -41 
       -26        -54      0.887         -6        -47        -36          2        -95        -59      -53.2         21 
        15         45      -56.4         13         27          2        -77        -29        -74       24.9         -5 
         3        -88      -63.8         44         88        -95        -29          4         49       88.2         -1 
        73         88       84.1         43          9        -59        -74         49        -41       15.2        -70 
     -67.7        -40  -3.55e-15       22.2       -9.7      -53.2       24.9       88.2       15.2       32.2       40.8 
        15         44      -42.7         74        -41         21         -5         -1        -70       40.8         87 

timesJ(A,p,q,-theta) result is:
        33         -7      -77.8        -15         38        -26         15          3         73      -67.7         15 
        -7         21      -50.5         51        -86        -54         45        -88         88        -40         44 
     -77.8      -50.5      -69.2       96.4      -9.94      0.887      -56.4      -63.8       84.1  -3.55e-15      -42.7 
       -15         51       96.4        -16         27         -6         13         44         43       22.2         74 
        38        -86      -9.94         27         63        -47         27         88          9       -9.7        -41 
       -26        -54      0.887         -6        -47        -36          2        -95        -59      -53.2         21 
        15         45      -56.4         13         27          2        -77        -29        -74       24.9         -5 
         3        -88      -63.8         44         88        -95        -29          4         49       88.2         -1 
        73         88       84.1         43          9        -59        -74         49        -41       15.2        -70 
     -67.7        -40  -3.55e-15       22.2       -9.7      -53.2       24.9       88.2       15.2       32.2       40.8 
        15         44      -42.7         74        -41         21         -5         -1        -70       40.8         87 
PASSED

Are elements (2,9) and (9,2) indeed ≈ 0?
PASSED
PASSED

Reinitialize and proceed with diagonalize
Sweeps: 5. Rotations: 1650

Result after 5 sweeps:
D = 
       262  -1.98e-15   1.13e-14  -3.74e-15   9.19e-15   6.05e-15   6.02e-15   6.88e-15  -3.97e-16   1.06e-14  -2.21e-14 
 -4.68e-15        180    1.6e-14   3.45e-15   2.05e-15   7.39e-15  -1.87e-14  -7.49e-15   1.21e-15   1.61e-14    2.8e-14 
 -1.02e-15   1.85e-15        165  -2.75e-14  -9.94e-15   6.25e-15   3.03e-14   3.07e-15   2.08e-14   1.57e-14   2.35e-15 
  3.53e-19  -5.77e-19  -5.49e-20        142  -3.51e-15  -1.16e-14  -2.39e-15   1.71e-14  -5.38e-15  -2.65e-14  -2.33e-14 
 -3.12e-21   3.66e-21   7.91e-23  -1.77e-21       56.9  -1.01e-14  -1.94e-14   7.44e-15   1.73e-14   5.64e-14   1.48e-14 
 -1.23e-25  -1.67e-24  -9.61e-26   1.65e-24  -1.43e-27       9.07   1.18e-15  -1.32e-15   2.85e-15  -1.31e-14   1.34e-14 
 -3.17e-26   9.55e-28  -3.24e-27   5.17e-26   5.17e-26  -9.26e-30      -69.3    3.5e-15  -1.38e-14   1.43e-15   5.78e-15 
  9.16e-27  -5.45e-27   2.65e-28   -1.2e-28   5.59e-31  -6.69e-30      4e-30       -108   9.65e-15   1.14e-14  -7.97e-15 
  6.98e-28  -3.22e-29  -1.19e-27    9.9e-29    1.3e-30   1.22e-30   8.28e-31  -6.82e-31       -133  -3.98e-15  -8.45e-15 
 -8.58e-28   6.43e-27    8.1e-28  -1.42e-29   1.33e-30   1.12e-30   8.28e-31  -6.82e-31  -2.17e-30       -213   1.37e-15 
 -2.26e-14   2.88e-14   2.79e-14  -2.65e-14   2.12e-14   1.83e-14   1.35e-14  -1.11e-14  -9.61e-15  -4.69e-15       -290 

V = 
   -0.0926      0.221     -0.221      0.628     -0.155      0.351     -0.485     0.0037     -0.163     -0.154       0.26 
     0.349     -0.242     -0.492      0.235      0.241     -0.361      0.191     0.0067      0.294     -0.127      0.441 
     0.058     0.0925     -0.285     -0.451     -0.435     0.0137     -0.012      0.168     -0.324      0.363      0.499 
   -0.0697     -0.423     -0.238    -0.0982     -0.492     -0.233     -0.165     -0.443     -0.158     -0.384     -0.239 
    -0.535      0.172     0.0903       0.18     -0.389     -0.464      0.109      0.384      0.329    -0.0768      0.061 
     0.312       0.17      0.274     -0.142     -0.309      0.108     -0.268     -0.336      0.671     0.0685      0.179 
    0.0667    -0.0234      0.146      0.217      0.129     -0.572     -0.427     -0.183     -0.186      0.571    -0.0811 
    -0.563     -0.215      0.069     0.0967      0.119      0.181      0.284     -0.541     0.0535      0.264      0.362 
    -0.185    -0.0352      -0.62    -0.0552     0.0155      0.218     -0.114     0.0713      0.376       0.41     -0.449 
    -0.265      -0.47      0.113     -0.322      0.298     0.0532     -0.559      0.305      0.138     -0.151      0.233 
      0.23     -0.615      0.255       0.35     -0.346      0.236      0.169      0.302     0.0244      0.289    -0.0502 

Is D indeed diagonal?
PASSED

V.Checking T*A*V – should be equal to Eigenvalue matrix D
       262   8.53e-14  -5.51e-14   1.07e-14  -4.97e-14   7.11e-15  -1.24e-14   9.59e-14  -7.53e-14   2.49e-14   6.04e-14 
  6.39e-14        180   5.33e-14  -6.39e-14  -1.42e-14  -1.07e-14   7.11e-15   3.55e-14  -5.77e-15   7.11e-15   1.95e-14 
  -4.8e-14   5.68e-14        165  -1.24e-14          0   1.42e-14   3.29e-14   4.97e-14  -7.99e-15  -7.28e-14   1.95e-14 
  8.88e-15  -5.68e-14   -1.6e-14        142  -2.13e-14  -2.49e-14   -1.6e-14  -2.31e-14   1.47e-14  -6.22e-14  -4.09e-14 
  -2.4e-14  -2.13e-14          0  -2.49e-14       56.9  -1.95e-14  -3.02e-14  -2.58e-14  -8.94e-15   4.62e-14   8.52e-14 
  9.88e-15  -3.55e-15   6.77e-15   -2.6e-14  -9.99e-15       9.07   3.22e-14   3.02e-14   1.24e-14   5.55e-15   7.05e-15 
 -1.42e-14    1.6e-14   3.33e-14  -4.44e-15  -2.58e-14   3.11e-14      -69.3   2.98e-14   -8.4e-14   3.02e-14  -6.55e-14 
  1.23e-13   2.13e-14   4.62e-14  -1.95e-14  -2.84e-14   3.29e-14   2.22e-14       -108  -3.33e-14    3.2e-14  -1.11e-14 
 -6.55e-14   9.33e-15  -2.11e-15   7.77e-15   1.55e-15    2.1e-14  -7.06e-14  -4.07e-14       -133   6.97e-14   4.72e-14 
  2.31e-14   2.13e-14  -8.53e-14  -5.68e-14   5.33e-14   3.55e-15   4.09e-14   2.49e-14   7.44e-14       -213  -1.04e-13 
  8.53e-14   2.66e-14   6.48e-14  -3.55e-15   9.95e-14   5.77e-15  -4.97e-14  -3.38e-14   5.41e-14   -1.4e-13       -290 
PASSED

Checking V*D*V.T – should be equal to original matrix A
        33         -7        -57        -15         38        -26         15          3         73        -86         15 
        -7         21        -38         51        -86        -54         45        -88         88        -52         44 
       -57        -38        -62         87         -7         15        -61        -85         77        -26        -52 
       -15         51         87        -16         27         -6         13         44         43         47         74 
        38        -86         -7         27         63        -47         27         88          9        -12        -41 
       -26        -54         15         -6        -47        -36          2        -95        -59        -51         21 
        15         45        -61         13         27          2        -77        -29        -74          9         -5 
         3        -88        -85         44         88        -95        -29          4         49         68         -1 
        73         88         77         43          9        -59        -74         49        -41         37        -70 
       -86        -52        -26         47        -12        -51          9         68         37         25         28 
        15         44        -52         74        -41         21         -5         -1        -70         28         87 
PASSED

Checking V.T*V – should be Id matrix
         1      5e-16  -3.54e-16   1.39e-16  -9.71e-17  -1.94e-16   6.94e-18   6.38e-16   -5.6e-16   5.55e-17  -2.26e-16 
     5e-16          1   1.39e-16  -1.94e-16  -1.67e-16   1.94e-16   3.19e-16   1.11e-16  -2.72e-16  -8.33e-17  -2.15e-16 
 -3.54e-16   1.39e-16          1   3.05e-16   1.53e-16   8.33e-17  -1.32e-16   3.19e-16  -3.56e-17   3.89e-16  -3.33e-16 
  1.39e-16  -1.94e-16   3.05e-16          1   1.94e-16   1.39e-16   1.32e-16  -4.16e-17   4.22e-16   3.19e-16  -2.39e-16 
 -9.71e-17  -1.67e-16   1.53e-16   1.94e-16          1   4.16e-17  -1.04e-16  -3.19e-16   2.19e-16  -2.36e-16   2.43e-17 
 -1.94e-16   1.94e-16   8.33e-17   1.39e-16   4.16e-17          1  -7.63e-17   1.39e-17  -4.48e-16  -3.89e-16     -3e-16 
  6.94e-18   3.19e-16  -1.32e-16   1.32e-16  -1.04e-16  -7.63e-17          1  -1.32e-16   3.08e-16  -2.43e-16   5.95e-16 
  6.38e-16   1.11e-16   3.19e-16  -4.16e-17  -3.19e-16   1.39e-17  -1.32e-16          1   4.49e-16  -2.36e-16   1.39e-17 
  -5.6e-16  -2.72e-16  -3.56e-17   4.22e-16   2.19e-16  -4.48e-16   3.08e-16   4.49e-16          1  -3.66e-16   -2.8e-16 
  5.55e-17  -8.33e-17   3.89e-16   3.19e-16  -2.36e-16  -3.89e-16  -2.43e-16  -2.36e-16  -3.66e-16          1   2.64e-16 
 -2.26e-16  -2.15e-16  -3.33e-16  -2.39e-16   2.43e-17     -3e-16   5.95e-16   1.39e-17   -2.8e-16   2.64e-16          1 
PASSED

V*V.T should also be Id matrix
         1          0   5.55e-17  -6.25e-17  -1.84e-16   2.08e-17   9.71e-17   1.11e-16   1.39e-17  -9.02e-17   3.37e-16 
         0          1   4.72e-16  -2.08e-16   7.63e-17  -2.22e-16  -1.73e-16   4.44e-16  -2.78e-16   8.33e-17  -6.25e-17 
  5.55e-17   4.72e-16          1   1.94e-16   4.86e-17   2.22e-16   -2.5e-16   5.55e-17  -6.38e-16  -6.94e-17  -1.14e-16 
 -6.25e-17  -2.08e-16   1.94e-16          1   -1.3e-16   1.04e-16  -6.94e-18   1.67e-16   6.66e-16          0  -1.28e-16 
 -1.84e-16   7.63e-17   4.86e-17   -1.3e-16          1   3.76e-16  -2.88e-16   1.77e-16    5.2e-17   1.37e-16    4.9e-16 
  2.08e-17  -2.22e-16   2.22e-16   1.04e-16   3.76e-16          1   2.08e-16  -1.53e-16  -1.53e-16  -1.53e-16    5.2e-17 
  9.71e-17  -1.73e-16   -2.5e-16  -6.94e-18  -2.88e-16   2.08e-16          1    1.6e-16   4.86e-17   1.49e-16   3.41e-16 
  1.11e-16   4.44e-16   5.55e-17   1.67e-16   1.77e-16  -1.53e-16    1.6e-16          1  -3.89e-16   3.33e-16  -2.84e-16 
  1.39e-17  -2.78e-16  -6.38e-16   6.66e-16    5.2e-17  -1.53e-16   4.86e-17  -3.89e-16          1  -1.39e-17  -9.02e-17 
 -9.02e-17   8.33e-17  -6.94e-17          0   1.37e-16  -1.53e-16   1.49e-16   3.33e-16  -1.39e-17          1  -5.38e-17 
  3.37e-16  -6.25e-17  -1.14e-16  -1.28e-16    4.9e-16    5.2e-17   3.41e-16  -2.84e-16  -9.02e-17  -5.38e-17          1 
PASSED
