Homework Eigenvalues
PART A
Testing jacobi routines routines on A, 11-by-11 random symmetric matrix
        23         76         47         31        -24        -61         40        -35        -64         25         91 
        76         46         14        -91        -89        -44        -24         14         30        -99        -49 
        47         14         67        -55        -78         36        -47        -63         95        -44        -13 
        31        -91        -55        -72        -11        -90         -7        -90         63         58        -64 
       -24        -89        -78        -11         15         39         78        -91         36         50         82 
       -61        -44         36        -90         39        -26         40        -91         52        -15        -86 
        40        -24        -47         -7         78         40         48         36        -93        -10         55 
       -35         14        -63        -90        -91        -91         36         31         25         93        -77 
       -64         30         95         63         36         52        -93         25        -98         44        -91 
        25        -99        -44         58         50        -15        -10         93         44         47         -2 
        91        -49        -13        -64         82        -86         55        -77        -91         -2          2 
If A is symmetric then A^T = A
PASSED

Comparing timesJ and Jtimes routines with matrix multiplications with literal constructed Jacobi rotation matrix
J with p=6 q=9. Angle to eliminate matrix element (6,9) in A is theta: -0.8104:
         1          0          0          0          0          0          0          0          0          0          0 
         0          1          0          0          0          0          0          0          0          0          0 
         0          0          1          0          0          0          0          0          0          0          0 
         0          0          0          1          0          0          0          0          0          0          0 
         0          0          0          0          1          0          0          0          0          0          0 
         0          0          0          0          0          1          0          0          0          0          0 
         0          0          0          0          0          0      0.689          0          0     -0.725          0 
         0          0          0          0          0          0          0          1          0          0          0 
         0          0          0          0          0          0          0          0          1          0          0 
         0          0          0          0          0          0      0.725          0          0      0.689          0 
         0          0          0          0          0          0          0          0          0          0          1 
A*J by literal matrix mult is:
        23         76         47         31        -24        -61       45.7        -35        -64      -11.8         91 
        76         46         14        -91        -89        -44      -88.3         14         30      -50.8        -49 
        47         14         67        -55        -78         36      -64.3        -63         95       3.73        -13 
        31        -91        -55        -72        -11        -90       37.2        -90         63         45        -64 
       -24        -89        -78        -11         15         39         90        -91         36      -22.1         82 
       -61        -44         36        -90         39        -26       16.7        -91         52      -39.3        -86 
        40        -24        -47         -7         78         40       25.8         36        -93      -41.7         55 
       -35         14        -63        -90        -91        -91       92.2         31         25         38        -77 
       -64         30         95         63         36         52      -32.2         25        -98       97.7        -91 
        25        -99        -44         58         50        -15       27.2         93         44       39.6         -2 
        91        -49        -13        -64         82        -86       36.5        -77        -91      -41.2          2 
timesJ(A,p,q,theta) result is:
        23         76         47         31        -24        -61       45.7        -35        -64      -11.8         91 
        76         46         14        -91        -89        -44      -88.3         14         30      -50.8        -49 
        47         14         67        -55        -78         36      -64.3        -63         95       3.73        -13 
        31        -91        -55        -72        -11        -90       37.2        -90         63         45        -64 
       -24        -89        -78        -11         15         39         90        -91         36      -22.1         82 
       -61        -44         36        -90         39        -26       16.7        -91         52      -39.3        -86 
        40        -24        -47         -7         78         40       25.8         36        -93      -41.7         55 
       -35         14        -63        -90        -91        -91       92.2         31         25         38        -77 
       -64         30         95         63         36         52      -32.2         25        -98       97.7        -91 
        25        -99        -44         58         50        -15       27.2         93         44       39.6         -2 
        91        -49        -13        -64         82        -86       36.5        -77        -91      -41.2          2 
PASSED
J^T*S*J by literal matrix mult is:
        23         76         47         31        -24        -61       45.7        -35        -64      -11.8         91 
        76         46         14        -91        -89        -44      -88.3         14         30      -50.8        -49 
        47         14         67        -55        -78         36      -64.3        -63         95       3.73        -13 
        31        -91        -55        -72        -11        -90       37.2        -90         63         45        -64 
       -24        -89        -78        -11         15         39         90        -91         36      -22.1         82 
       -61        -44         36        -90         39        -26       16.7        -91         52      -39.3        -86 
      45.7      -88.3      -64.3       37.2         90       16.7       37.5       92.2      -32.2  -7.11e-15       36.5 
       -35         14        -63        -90        -91        -91       92.2         31         25         38        -77 
       -64         30         95         63         36         52      -32.2         25        -98       97.7        -91 
     -11.8      -50.8       3.73         45      -22.1      -39.3  -7.11e-15         38       97.7       57.5      -41.2 
        91        -49        -13        -64         82        -86       36.5        -77        -91      -41.2          2 
timesJ(A,p,q,-theta) result is:
        23         76         47         31        -24        -61       45.7        -35        -64      -11.8         91 
        76         46         14        -91        -89        -44      -88.3         14         30      -50.8        -49 
        47         14         67        -55        -78         36      -64.3        -63         95       3.73        -13 
        31        -91        -55        -72        -11        -90       37.2        -90         63         45        -64 
       -24        -89        -78        -11         15         39         90        -91         36      -22.1         82 
       -61        -44         36        -90         39        -26       16.7        -91         52      -39.3        -86 
      45.7      -88.3      -64.3       37.2         90       16.7       37.5       92.2      -32.2  -7.11e-15       36.5 
       -35         14        -63        -90        -91        -91       92.2         31         25         38        -77 
       -64         30         95         63         36         52      -32.2         25        -98       97.7        -91 
     -11.8      -50.8       3.73         45      -22.1      -39.3  -7.11e-15         38       97.7       57.5      -41.2 
        91        -49        -13        -64         82        -86       36.5        -77        -91      -41.2          2 
PASSED
Are elements (6,9) and (9,6) indeed ≈ 0?
PASSED
PASSED

Reinitialize and proceed with diagonalize
Result after 5 sweeps:
D = 
      -347   4.54e-13  -7.47e-12  -4.54e-13   2.96e-15  -7.88e-20   -2.5e-21  -3.22e-25   7.77e-24   -1.4e-23   -3.6e-24 
  4.54e-13       -221  -7.57e-13  -9.31e-14   1.12e-14  -8.51e-20  -2.29e-22   7.52e-26   7.98e-25  -1.43e-24  -3.65e-25 
  -7.5e-12  -7.55e-13       -182  -8.14e-12  -8.13e-14   -4.9e-18  -1.49e-21   9.41e-24   1.84e-24  -1.14e-24  -2.75e-25 
 -4.38e-13  -8.99e-14  -8.15e-12      -89.5   1.94e-13  -2.25e-18   3.05e-21   3.55e-25   9.05e-26   7.09e-27   2.03e-28 
 -2.92e-15   8.81e-15  -7.02e-14   2.03e-13      -20.1   2.06e-18  -5.87e-21   1.33e-25    1.3e-26   1.01e-28  -5.05e-29 
   1.8e-15   3.21e-16  -1.99e-14  -1.54e-14   2.76e-14      -5.62   1.32e-20   1.07e-25  -1.87e-31  -4.13e-35   3.76e-41 
   7.9e-15    8.1e-15   1.86e-14   1.28e-14  -1.22e-14  -1.36e-14       50.5   8.37e-25   4.31e-33   6.31e-37   1.37e-50 
  1.64e-14  -4.71e-15   7.79e-15   1.95e-15  -6.04e-15  -5.15e-15  -5.08e-15        130  -2.07e-34   3.64e-42   7.35e-40 
  2.44e-14   1.56e-14  -1.83e-14  -2.62e-14   7.16e-16   -4.7e-15   2.25e-15   9.97e-16        210  -1.93e-34  -1.54e-57 
  1.92e-14  -6.07e-15  -2.68e-14  -1.87e-14  -8.21e-15   6.84e-15   1.31e-14   3.41e-14  -9.55e-15        246  -3.76e-37 
  -3.3e-15   1.12e-14  -1.28e-14   -1.6e-14  -1.41e-14  -2.53e-14  -2.69e-14   2.56e-14  -4.84e-15  -2.22e-16        311 
V = 
     0.116     0.0882      0.521     -0.267     -0.136     -0.372     -0.235     -0.412      0.183     -0.465     0.0646 
    -0.252    -0.0499     -0.369     0.0743     -0.587     -0.229      0.124      0.162      0.221     -0.352     -0.425 
    -0.218     -0.264    -0.0739      0.304      0.212     0.0959     -0.589     -0.271     -0.356     -0.159     -0.398 
    -0.546      0.167    -0.0814      0.231      0.218     -0.444      0.344     -0.446    -0.0124      0.196      0.115 
    -0.209     -0.333       0.33      0.336     -0.542     0.0442    -0.0178     0.0814     -0.307     0.0674      0.471 
     -0.37      0.329     0.0567     -0.523    -0.0614     -0.219     -0.237      0.362     -0.468      0.135    -0.0441 
     0.179     0.0588     -0.258      0.338      0.241     -0.508     -0.322      0.408     0.0799     -0.205      0.386 
    -0.386      0.161      0.358      0.187     0.0362      0.157     -0.328      0.247      0.619      0.269     -0.105 
     0.404       0.59      0.059      0.384     -0.329    -0.0997     -0.109     -0.147     -0.183      0.316     -0.231 
    0.0473     -0.172     -0.449     -0.304     -0.274    -0.0608     -0.418     -0.347      0.233      0.425      0.255 
    -0.224      0.515     -0.259     0.0471    -0.0614      0.506    -0.0975     -0.158   -0.00384     -0.423      0.377 

 Is D indeed diagonal?
PASSED

V.Checking T*A*V – should be equal to Eigenvalue matrix D
      -347   4.41e-13  -7.54e-12  -3.57e-13   5.15e-14  -7.11e-15   1.87e-14    1.6e-14   1.17e-13  -5.68e-14  -3.55e-15 
  4.69e-13       -221  -7.71e-13  -1.11e-13   5.06e-14   7.11e-15  -3.55e-15   3.91e-14  -6.09e-14   5.68e-14  -1.21e-13 
 -7.55e-12  -7.57e-13       -182  -8.14e-12  -1.02e-13          0  -3.02e-14  -3.82e-14   1.21e-14   3.55e-15  -3.55e-15 
 -3.67e-13   -1.2e-13  -8.15e-12      -89.5   2.11e-13  -4.88e-15   5.33e-15   8.55e-15  -7.82e-15   1.18e-14  -3.26e-14 
  5.08e-14   5.92e-14  -9.12e-14   2.18e-13      -20.1  -4.22e-15  -9.76e-15   7.61e-15  -3.84e-14   3.22e-15  -1.84e-14 
 -7.77e-16   4.44e-15  -6.11e-15   -2.8e-15  -1.75e-15      -5.62   1.29e-14  -3.21e-14   4.14e-14  -3.91e-14   6.17e-14 
   1.4e-14     -4e-15  -1.82e-14  -2.44e-15  -1.17e-14   1.55e-14       50.5  -7.99e-15  -6.67e-15  -1.33e-14  -5.08e-14 
 -1.78e-15   3.73e-14  -6.04e-14    1.9e-14   2.29e-14   -3.2e-14    1.6e-14        130   8.47e-14   4.26e-14   1.33e-14 
  9.59e-14  -7.64e-14  -7.69e-15  -1.11e-14  -3.53e-14   3.44e-14  -9.37e-15   8.65e-14        210    1.7e-14   1.33e-14 
 -5.68e-14   4.26e-14  -1.07e-14   8.88e-15  -4.44e-15  -3.55e-14  -2.13e-14   4.62e-14   2.21e-14        246  -3.55e-14 
  1.78e-14  -1.21e-13   3.91e-14  -4.97e-14   6.22e-15   6.39e-14  -4.44e-14   2.13e-14   1.22e-14  -2.13e-14        311 
PASSED

Checking V*D*V.T – should be equal to original matrix A
        23         76         47         31        -24        -61         40        -35        -64         25         91 
        76         46         14        -91        -89        -44        -24         14         30        -99        -49 
        47         14         67        -55        -78         36        -47        -63         95        -44        -13 
        31        -91        -55        -72        -11        -90         -7        -90         63         58        -64 
       -24        -89        -78        -11         15         39         78        -91         36         50         82 
       -61        -44         36        -90         39        -26         40        -91         52        -15        -86 
        40        -24        -47         -7         78         40         48         36        -93        -10         55 
       -35         14        -63        -90        -91        -91         36         31         25         93        -77 
       -64         30         95         63         36         52        -93         25        -98         44        -91 
        25        -99        -44         58         50        -15        -10         93         44         47         -2 
        91        -49        -13        -64         82        -86         55        -77        -91         -2          2 
PASSED

Checking V.T*V – should be Id matrix
         1   5.55e-17   2.01e-16  -2.06e-16  -1.91e-17   1.53e-16  -1.73e-17  -4.86e-17   9.28e-17   1.11e-16   1.67e-16 
  5.55e-17          1   1.11e-16  -6.94e-18  -1.11e-16  -3.89e-16   3.47e-17  -1.39e-17   1.77e-16   4.16e-16  -4.72e-16 
  2.01e-16   1.11e-16          1  -3.43e-16   2.78e-17  -1.67e-16   -1.7e-16  -1.87e-16   9.11e-17  -3.33e-16   6.94e-17 
 -2.06e-16  -6.94e-18  -3.43e-16          1  -1.39e-16  -1.18e-16  -1.01e-16  -6.42e-17  -3.49e-16   3.37e-16   3.12e-17 
 -1.91e-17  -1.11e-16   2.78e-17  -1.39e-16          1  -3.12e-17   7.89e-17   1.04e-16   2.51e-17   9.02e-17   2.46e-16 
  1.53e-16  -3.89e-16  -1.67e-16  -1.18e-16  -3.12e-17          1  -8.33e-17  -2.22e-16    1.9e-16  -3.05e-16   1.94e-16 
 -1.73e-17   3.47e-17   -1.7e-16  -1.01e-16   7.89e-17  -8.33e-17          1  -9.54e-17   2.09e-16   9.71e-17   -1.8e-16 
 -4.86e-17  -1.39e-17  -1.87e-16  -6.42e-17   1.04e-16  -2.22e-16  -9.54e-17          1   1.44e-16   1.25e-16  -5.55e-17 
  9.28e-17   1.77e-16   9.11e-17  -3.49e-16   2.51e-17    1.9e-16   2.09e-16   1.44e-16          1  -1.24e-17  -4.51e-17 
  1.11e-16   4.16e-16  -3.33e-16   3.37e-16   9.02e-17  -3.05e-16   9.71e-17   1.25e-16  -1.24e-17          1  -5.55e-17 
  1.67e-16  -4.72e-16   6.94e-17   3.12e-17   2.46e-16   1.94e-16   -1.8e-16  -5.55e-17  -4.51e-17  -5.55e-17          1 
PASSED

V*V.T should also be Id matrix
         1  -1.91e-16   -5.9e-17  -3.99e-16   1.21e-16   7.94e-17   -1.8e-16   1.99e-16  -2.78e-17  -4.72e-16  -4.51e-17 
 -1.91e-16          1          0   2.29e-16  -2.78e-17   1.84e-16  -1.39e-16  -3.47e-17   8.33e-17          0   1.11e-16 
  -5.9e-17          0          1  -6.94e-18   4.72e-16   2.57e-16   1.67e-16  -5.55e-17   -1.8e-16   1.25e-16   2.78e-16 
 -3.99e-16   2.29e-16  -6.94e-18          1  -6.25e-17   3.37e-16   3.47e-17   1.21e-17   1.91e-16  -1.94e-16   -1.6e-16 
  1.21e-16  -2.78e-17   4.72e-16  -6.25e-17          1   -5.2e-17          0  -1.18e-16  -1.39e-16   5.55e-17          0 
  7.94e-17   1.84e-16   2.57e-16   3.37e-16   -5.2e-17          1   2.39e-16   3.38e-16   3.28e-16  -1.63e-16  -1.73e-16 
  -1.8e-16  -1.39e-16   1.67e-16   3.47e-17          0   2.39e-16          1  -1.39e-17   4.16e-17   2.08e-16  -1.94e-16 
  1.99e-16  -3.47e-17  -5.55e-17   1.21e-17  -1.18e-16   3.38e-16  -1.39e-17          1   8.67e-17    5.9e-17   1.39e-17 
 -2.78e-17   8.33e-17   -1.8e-16   1.91e-16  -1.39e-16   3.28e-16   4.16e-17   8.67e-17          1   2.15e-16  -2.22e-16 
 -4.72e-16          0   1.25e-16  -1.94e-16   5.55e-17  -1.63e-16   2.08e-16    5.9e-17   2.15e-16          1   1.25e-16 
 -4.51e-17   1.11e-16   2.78e-16   -1.6e-16          0  -1.73e-16  -1.94e-16   1.39e-17  -2.22e-16   1.25e-16          1 
PASSED
