Homework A, part 1
Creating 19-by-7 matrix of random integers between -999 and 999
       791        264        -57        461       -285        829        468 
       317       -952       -216        157        151        721        602 
      -239        768        708       -589        -53        -51          9 
      -354       -306        554       -951        221       -170        110 
      -615       -444        210        478        856       -114       -906 
       807        435       -954        484       -548       -466       -825 
      -415        955        550       -733        352       -341        151 
      -672        926       -883        136       -188        201        146 
      -429        387        412        493          0       -642        -68 
       491        572        677        294       -165        509        -48 
      -667        663        -75       -504       -584       -166       -939 
      -263       -995        781        867       -829        958       -942 
      -372         94       -657         45        684        -54        236 
      -951       -368        990        450       -824        242         92 
      -617        872        -28       -482        148       -801        993 
      -737        190       -359       -603       -633         85        832 
       383        630        624       -171       -601       -126       -137 
      -521        335       -751        150       -437        715       -715 
        31        -66         45       -760        591        -32       -645 

Performing QR decomposisition

This is Q.
     0.326      0.147     0.0421      0.193    -0.0581      0.409      0.219 
     0.131      -0.34      -0.12     -0.101    -0.0243      0.253      0.255 
   -0.0985      0.275       0.31     -0.123     0.0036      0.171    -0.0639 
    -0.146     -0.136       0.18     -0.454    -0.0503   -0.00886     -0.056 
    -0.253     -0.204     0.0191      0.224      0.499    0.00986     -0.307 
     0.333      0.212     -0.302      0.195     -0.227     -0.394     -0.296 
    -0.171      0.336      0.247     -0.156      0.192      0.131    -0.0328 
    -0.277      0.309     -0.338      0.227   -0.00533      0.253     0.0725 
    -0.177       0.12      0.159      0.347      0.177     -0.327     0.0533 
     0.202      0.245      0.332      0.211      0.064      0.338    0.00116 
    -0.275       0.21    -0.0333    -0.0913     -0.292    -0.0242     -0.418 
    -0.108     -0.391      0.236      0.322      -0.29      0.169     -0.228 
    -0.153     0.0134     -0.278     0.0422      0.323      0.123      0.082 
    -0.392     -0.195      0.311       0.28      -0.26    -0.0722      0.163 
    -0.254      0.292   0.000453     -0.052     0.0962     -0.219      0.353 
    -0.304     0.0279     -0.177     -0.214     -0.402     0.0348      0.296 
     0.158       0.26      0.307    0.00264     -0.231    -0.0706    -0.0703 
    -0.215     0.0954     -0.311      0.138     -0.185      0.394     -0.268 
    0.0128    -0.0231      0.016     -0.378      0.144      0.151     -0.375 

This is R. Should be upper triangular.
  2.43e+03       -382       -328        566       88.7        347         12 
         0   2.65e+03       -385       -788       -224       -848        317 
         0          0   2.53e+03       -197       -279    0.00398        -42 
         0          0          0   2.07e+03       -783        561       -676 
         0          0          0          0   2.03e+03       -684        132 
         0          0          0          0          0   1.69e+03       51.6 
         0          0          0          0          0          0   2.45e+03 
PASSED

This is Q*R. Should be equal to A
       791        264        -57        461       -285        829        468 
       317       -952       -216        157        151        721        602 
      -239        768        708       -589        -53        -51          9 
      -354       -306        554       -951        221       -170        110 
      -615       -444        210        478        856       -114       -906 
       807        435       -954        484       -548       -466       -825 
      -415        955        550       -733        352       -341        151 
      -672        926       -883        136       -188        201        146 
      -429        387        412        493          0       -642        -68 
       491        572        677        294       -165        509        -48 
      -667        663        -75       -504       -584       -166       -939 
      -263       -995        781        867       -829        958       -942 
      -372         94       -657         45        684        -54        236 
      -951       -368        990        450       -824        242         92 
      -617        872        -28       -482        148       -801        993 
      -737        190       -359       -603       -633         85        832 
       383        630        624       -171       -601       -126       -137 
      -521        335       -751        150       -437        715       -715 
        31        -66         45       -760        591        -32       -645 
PASSED

This is QT*Q. Should be identity matrix (proving U is unitary)
         1   3.12e-17   9.09e-17  -7.63e-17  -4.81e-17  -8.96e-17   3.47e-17 
  3.12e-17          1  -2.77e-17   9.54e-17   5.94e-17   1.37e-16   1.73e-18 
  9.09e-17  -2.77e-17          1   1.39e-17    5.2e-17   -1.3e-18    1.3e-17 
 -7.63e-17   9.54e-17   1.39e-17          1  -4.16e-17   6.94e-18          0 
 -4.81e-17   5.94e-17    5.2e-17  -4.16e-17          1   4.51e-17  -2.78e-17 
 -8.96e-17   1.37e-16   -1.3e-18   6.94e-18   4.51e-17          1   6.25e-17 
  3.47e-17   1.73e-18    1.3e-17          0  -2.78e-17   6.25e-17          1 
PASSED

Homework lineq A, part 2
Creating 7-by-7 matrix, A of random integers between -99 and 99
       -16         34         19         98        -28        -40        -54 
       -85        -17         -9         55         51        -97         50 
       -11        -91        -85         12        -48        -61        -67 
       -26        -20         34        -17         38        -65         73 
        -8          7         50         81         65         64         80 
        44         51        -38        -15        -21         92         65 
       -49         12        -62        -54         87         18        -59 

Running QR decomposisition

Creating 7 length vector, b, of random integers between -999 and 999: 
       985       -770        348       -971        993       -924        342 

Solving for Ax = b. x is: 
      13.9       -7.1        4.1       11.7       13.2       3.32      -13.4 

This is A*x. Should be equal to b
       985       -770        348       -971        993       -924        342 
PASSED
