Homework A, part 1
Creating 19-by-7 matrix, T of random integers between -999 and 999
       794       -838       -381       -105        -38       -991        808 
      -454       -812       -623       -721        558        535       -105 
      -533       -952       -540       -861        344        332       -902 
       466       -321       -490        564       -201        814       -107 
      -257       -976       -633       -779        180       -130        390 
       232       -115        -94       -419         24       -520        -35 
       -80        313       -335       -410       -717        707       -619 
      -670       -963        309        483       -327       -799       -672 
       481       -890        329       -837       -806        -85        801 
      -835       -990       -941       -622       -334        504        234 
       161        553        557       -679       -148        131       -453 
       364        843        -26       -484       -892       -487       -587 
       986         56       -264       -492       -330         63        750 
      -224        575       -582       -170        563        162       -244 
       304       -394       -787        616       -796        145        168 
      -517        751        163        819         68        779       -883 
      -735       -644        645       -913       -597        389       -822 
       -47        322        868        994       -559        482       -615 
       976        139        489        288        968        790       -939 

Performing QR decomposisition

This is Q.
     0.328     -0.372    -0.0593     0.0787    0.00439     -0.325     -0.118 
    -0.187     -0.237     -0.174     -0.137      0.248      0.209  -0.000202 
     -0.22     -0.278     -0.116     -0.178      0.166      0.137      -0.44 
     0.192     -0.159     -0.183      0.288     -0.113       0.39    -0.0932 
    -0.106     -0.314     -0.156      -0.14     0.0924    -0.0402     0.0386 
    0.0957    -0.0636    -0.0276     -0.148     0.0244     -0.199     -0.212 
    -0.033      0.117       -0.2      -0.18     -0.331      0.294     -0.194 
    -0.276     -0.267       0.28      0.303     -0.119     -0.319     -0.408 
     0.198     -0.359      0.278     -0.244     -0.274      0.126      0.271 
    -0.344      -0.26     -0.296      -0.05     -0.162      0.187      0.158 
    0.0664      0.176       0.18     -0.375    -0.0296     0.0794    -0.0919 
      0.15      0.257     -0.132     -0.302     -0.398     -0.203     -0.451 
     0.407    -0.0805     -0.131     -0.198     -0.131      0.113      0.137 
   -0.0924      0.223     -0.351     -0.101      0.196     -0.038    -0.0953 
     0.125     -0.168      -0.31      0.338     -0.391     0.0914     -0.144 
    -0.213      0.314    -0.0299      0.224    -0.0164      0.238    -0.0786 
    -0.303      -0.15      0.391     -0.309      -0.19      0.223     -0.112 
   -0.0194      0.117      0.358      0.298     -0.235      0.237    -0.0219 
     0.403    -0.0506      0.206     0.0529      0.452      0.409     -0.393 

This is R. Should be upper triangular.
  2.42e+03        706        220        343      -41.6       -381      1e+03 
         0   2.87e+03        873   1.06e+03        167        398       -922 
         0          0   2.15e+03        338       -253       -283       -655 
         0          0          0   2.53e+03        164        103        -38 
         0          0          0          0   2.29e+03        183       -172 
         0          0          0          0          0   2.28e+03  -1.01e+03 
         0          0          0          0          0          0   1.94e+03 
PASSED

This is Q*R. Should be equal to T
       794       -838       -381       -105        -38       -991        808 
      -454       -812       -623       -721        558        535       -105 
      -533       -952       -540       -861        344        332       -902 
       466       -321       -490        564       -201        814       -107 
      -257       -976       -633       -779        180       -130        390 
       232       -115        -94       -419         24       -520        -35 
       -80        313       -335       -410       -717        707       -619 
      -670       -963        309        483       -327       -799       -672 
       481       -890        329       -837       -806        -85        801 
      -835       -990       -941       -622       -334        504        234 
       161        553        557       -679       -148        131       -453 
       364        843        -26       -484       -892       -487       -587 
       986         56       -264       -492       -330         63        750 
      -224        575       -582       -170        563        162       -244 
       304       -394       -787        616       -796        145        168 
      -517        751        163        819         68        779       -883 
      -735       -644        645       -913       -597        389       -822 
       -47        322        868        994       -559        482       -615 
       976        139        489        288        968        790       -939 
PASSED

This is QT*Q. Should be identity matrix (proving U is unitary)
         1   6.94e-17   5.55e-17   1.04e-17          0  -2.78e-17          0 
  6.94e-17          1  -1.73e-17      2e-16  -1.04e-17   2.78e-17  -7.98e-17 
  5.55e-17  -1.73e-17          1   3.47e-18   6.94e-17   5.55e-17   1.39e-17 
  1.04e-17      2e-16   3.47e-18          1  -5.55e-17   6.94e-18   3.47e-17 
         0  -1.04e-17   6.94e-17  -5.55e-17          1  -5.55e-17   2.78e-17 
 -2.78e-17   2.78e-17   5.55e-17   6.94e-18  -5.55e-17          1  -1.11e-16 
         0  -7.98e-17   1.39e-17   3.47e-17   2.78e-17  -1.11e-16          1 
PASSED

Homework lineq A, part 2
Creating 7-by-7 matrix, A of random integers between -99 and 99
        73         54         44         64         12         44        -46 
        31        -97        -81         36         61         40          5 
        50         54        -90         46         54         56         74 
        20         28         42        -72        -95        -82        -49 
       -57        -55         75        -92        -93        -16         83 
       -65        -52         95         75        -38        -71        -34 
        13         92        -75        -70        -69        -29        -92 

Running QR decomposisition

Creating 7 length vector, b, of random integers between -999 and 999: 
       931       -994        176       -502       -785       -649         36 

Solving for Ax = b. x is: 
     -3.34       10.3       7.61      -4.31       10.7       6.21      -3.43 

This is A*x. Should be equal to b
       931       -994        176       -502       -785       -649         36 
PASSED
