Homework A, part 1
Creating 19-by-7 matrix of random integers between -999 and 999
       316        774        778       -400        403        377       -415 
        72       -798       -507        465       -591        599       -168 
       614       -662        373        643        594        301        185 
       522        -30        896        290       -867         62        856 
      -462       -844       -443       -252        783        -85       -675 
       843        872          4        162       -187        529        526 
       879        465        327        393       -196       -901       -764 
      -378       -638        855        386       -377        841        792 
      -196        881        309        271       -684       -272       -466 
      -954        935       -283       -376       -316       -492        769 
      -536       -630       -518       -218        771        658        641 
       504       -430        896        328        -37        620        915 
       792       -300        361        161         73       -469         40 
       990        694        889       -503       -199         -8        833 
       529       -390       -231       -880        590       -535       -842 
       991        374       -396       -149       -816       -848        299 
       311        411        942        351        106       -383       -748 
       235        355        461        610        975       -270       -527 
      -325       -409       -715        -30       -334        806        974 

Performing QR decomposisition

This is Q.
     0.118      0.267      0.225     -0.303      0.189      0.331     -0.345 
    0.0268     -0.308     -0.175       0.29      -0.27      0.163      -0.36 
     0.229       -0.3      0.103      0.257      0.268     0.0627      0.199 
     0.194    -0.0539      0.302     0.0161     -0.388    -0.0645      0.163 
    -0.172     -0.281    -0.0437     -0.163      0.215     -0.172       -0.1 
     0.314      0.261     -0.224      0.183     0.0834       0.54     0.0135 
     0.327      0.104    -0.0553      0.226     0.0397     -0.302     -0.086 
    -0.141      -0.21        0.5     0.0272     -0.264      0.103     0.0227 
    -0.073      0.349      0.104      0.209     -0.178    -0.0729     -0.278 
    -0.355      0.431     -0.022    -0.0755    -0.0874     -0.161      0.459 
      -0.2     -0.195    -0.0801     -0.106      0.244      0.239      0.287 
     0.188     -0.204      0.337    -0.0024    -0.0645      0.173      0.212 
     0.295     -0.178     0.0365   -0.00225     0.0215     -0.229      0.193 
     0.369      0.182      0.155       -0.4    -0.0884      0.179      0.213 
     0.197     -0.191      -0.17     -0.549      0.122     -0.174     -0.207 
     0.369     0.0607     -0.389    0.00611     -0.277     -0.197      0.206 
     0.116       0.13      0.327     0.0943      0.104      -0.19     -0.203 
    0.0875      0.115      0.133      0.332      0.548    -0.0659      0.153 
    -0.121     -0.128     -0.224      0.065     -0.175      0.347      0.141 

This is R. Should be upper triangular.
  2.69e+03        579   1.23e+03        288       -303       -637       -108 
         0   2.64e+03        472       -319       -612       -899       -182 
         0          0   2.26e+03        631        113        585        380 
         0          0          0   1.62e+03       -510        196      -83.7 
         0          0          0          0   2.24e+03       -222  -1.34e+03 
         0          0          0          0          0      2e+03   1.47e+03 
         0          0          0          0          0          0   2.03e+03 
PASSED

This is Q*R. Should be equal to A
       316        774        778       -400        403        377       -415 
        72       -798       -507        465       -591        599       -168 
       614       -662        373        643        594        301        185 
       522        -30        896        290       -867         62        856 
      -462       -844       -443       -252        783        -85       -675 
       843        872          4        162       -187        529        526 
       879        465        327        393       -196       -901       -764 
      -378       -638        855        386       -377        841        792 
      -196        881        309        271       -684       -272       -466 
      -954        935       -283       -376       -316       -492        769 
      -536       -630       -518       -218        771        658        641 
       504       -430        896        328        -37        620        915 
       792       -300        361        161         73       -469         40 
       990        694        889       -503       -199         -8        833 
       529       -390       -231       -880        590       -535       -842 
       991        374       -396       -149       -816       -848        299 
       311        411        942        351        106       -383       -748 
       235        355        461        610        975       -270       -527 
      -325       -409       -715        -30       -334        806        974 
PASSED

This is QT*Q. Should be idendity matrix (U is unitary)
         1  -3.64e-17  -8.67e-17   8.67e-18          0   9.71e-17   2.43e-17 
 -3.64e-17          1   8.33e-17  -9.02e-17  -1.73e-17  -6.94e-17  -6.59e-17 
 -8.67e-17   8.33e-17          1  -1.04e-16  -4.16e-17  -8.33e-17   2.08e-17 
  8.67e-18  -9.02e-17  -1.04e-16          1  -5.72e-17  -3.47e-17   1.04e-17 
         0  -1.73e-17  -4.16e-17  -5.72e-17          1  -6.94e-18  -9.37e-17 
  9.71e-17  -6.94e-17  -8.33e-17  -3.47e-17  -6.94e-18          1    1.6e-16 
  2.43e-17  -6.59e-17   2.08e-17   1.04e-17  -9.37e-17    1.6e-16          1 
PASSED

Homework lineq A, part 2
Creating 7-by-7 matrix, A of random integers between -99 and 99
        35         57        -67         89        -38        -85        -78 
        75        -20         79         43         32        -38        -61 
       -55         10        -35        -17        -23         16         72 
       -89          0         69         22        -80         37         95 
        69        -68        -32         60          3         56        -74 
        96        -53         74         97        -75          0         34 
       -79        -66        -27        -34          1        -18         70 

Running QR decomposisition

Creating 7 length vector, b, of random integers between -999 and 999: 
        92       -118       -320        988       -214         61        198 

Solving for Ax = b. x is: 
     -6.37      -6.27       6.57      -14.1      -23.1      -3.57      -15.2 

This is A*x. Should be equal to b
        92       -118       -320        988       -214         61        198 
PASSED
