
Homework lineq B
Creating 11-by-11 matrix, A of random integers between -99 and 99
        86        -87         66          3        -55         -5        -94        -12         41         22         53 
        96          9        -43         62         54        -14         86        -21         26         57        -50 
        44        -54         58         -8         61         56         67          7        -18         34        -20 
        70         55         73        -43        -40        -38          8         14         50         50         81 
        70        -20        -25         22          8        -62         13         79        -36         71        -46 
        36        -32         20         44         51         33        -52         19        -66        -59        -80 
        16         38          0         87         -2        -74         24         69        -87        -93         -1 
        61        -26        -22        -82        -61        -52         30         93          1        -29          8 
        17        -80          6         35         14          9         74        -34        -69         16         41 
        50         62         36        -78         20         38        -13        -45         -7         58        -52 
       -62          5        -53        -33         34         -6        -99         88        -60         38         48 

Performing QR decomposisition.

B is the inverse of A:
    0.0487     0.0171     0.0413    -0.0613    -0.0223     -0.071     0.0572     0.0031    -0.0287     0.0404      0.014 
    0.0919     0.0234     0.0868     -0.126    -0.0386     -0.152      0.118   -0.00267    -0.0639     0.0804     0.0259 
   -0.0648    -0.0221    -0.0555     0.0919     0.0296      0.104    -0.0777   -0.00317     0.0405    -0.0539    -0.0211 
     0.134     0.0316      0.125     -0.182    -0.0494     -0.215      0.164   -0.00679    -0.0889      0.106     0.0339 
    -0.253    -0.0531     -0.233      0.347     0.0932       0.41     -0.308    0.00344      0.165     -0.209    -0.0617 
     0.316     0.0751        0.3     -0.434     -0.128     -0.509      0.384   -0.00373     -0.209       0.26     0.0854 
    0.0259    0.00642     0.0302    -0.0396    -0.0109    -0.0494     0.0358   0.000831    -0.0178     0.0228    0.00521 
     0.119     0.0267      0.118     -0.163    -0.0445     -0.194      0.147   -0.00051     -0.084     0.0945     0.0334 
   -0.0489   -0.00874     -0.044     0.0689     0.0177     0.0794    -0.0632   0.000872     0.0261    -0.0462    -0.0142 
    0.0657      0.013     0.0623    -0.0902    -0.0185      -0.11     0.0785   -0.00501    -0.0427     0.0554     0.0174 
    0.0149    0.00714     0.0126     -0.015    -0.0122    -0.0227     0.0179   0.000907   -0.00575    0.00981     0.0087 

Checking A * B. Should be identity
         1  -5.61e-15   2.33e-15  -6.88e-15   1.11e-16     -2e-15   1.44e-15   4.43e-15   2.11e-15     -5e-15   4.33e-15 
 -1.07e-14          1  -5.88e-15   1.15e-14   3.66e-15   1.62e-14  -1.31e-14   9.23e-16   8.44e-15   -1.1e-14  -2.78e-16 
  4.39e-15  -5.25e-15          1  -6.99e-15   5.55e-16  -8.66e-15   5.77e-15   4.27e-15   1.03e-15  -4.77e-15   4.91e-15 
    -2e-15   6.77e-15  -4.88e-15          1  -7.77e-16   4.66e-15     -4e-15   -6.3e-15  -2.22e-15      2e-15  -6.33e-15 
    -2e-15      2e-15      2e-15  -3.33e-15          1  -3.11e-15  -1.22e-15  -1.55e-15  -1.94e-15   2.16e-15  -1.78e-15 
 -3.77e-15   6.55e-15  -6.88e-15    1.2e-14          0          1  -3.55e-15  -7.49e-15  -1.22e-15   4.44e-15  -7.44e-15 
 -4.61e-15  -6.26e-15   1.61e-15  -3.84e-15   1.92e-15    7.7e-15          1   5.52e-15   3.04e-15  -4.64e-15   4.62e-15 
   4.9e-15   1.14e-15    3.8e-15  -1.37e-14  -2.21e-15  -1.09e-14   3.19e-15          1  -3.19e-16   2.44e-15   9.02e-16 
     2e-15      4e-15      2e-15  -1.22e-15  -1.72e-15  -3.77e-15   8.44e-15  -3.09e-15          1   7.11e-15  -1.78e-15 
 -3.89e-15  -6.99e-15  -4.88e-15   4.77e-15   3.66e-15   4.88e-15  -1.19e-14   3.84e-15   7.83e-15          1    1.5e-15 
  9.99e-16  -7.77e-16   3.33e-15   1.22e-15  -1.11e-16          0   1.33e-15   1.12e-15   1.22e-15  -1.78e-15          1 
PASSED
