
Homework lineq B
Creating 11-by-11 matrix, A of random integers between -99 and 99
        32         95        -27        -73         93        -71         -6        -24        -86         36         61 
       -94        -56        -42         11         30         14        -10        -67        -15         85        -71 
       -55         60         45         52        -48          1        -28         -9         65        -59        -55 
         7        -87         78         53         27        -86         56         16        -32         75        -64 
        81        -87         97        -41          3          4         83        -41        -95         38        -36 
         4         50         11        -20        -58         75         92        -96         22         70         20 
        60         36        -54         32         75         85        -24        -25         67         18        -48 
       -90         77         32         53         92         96         66          7          6        -64          5 
       -57          7        -72        -57        -53         71         80         22        -36        -46        -36 
       -38        -48        -38        -86         70         28         96         82         28         70         45 
       -48         41         32         46        -12         82         95        -63        -84        -36        -16 

Performing QR decomposisition.

B is the inverse of A:
 -0.000244   -0.00394   -0.00534    0.00298   0.000899     0.0026    0.00284    0.00225    0.00315    -0.0052   -0.00531 
   0.00707   -0.00314     0.0316    -0.0104   -0.00291    -0.0165     0.0116    -0.0356    -0.0194     0.0315     0.0463 
   0.00224  -0.000713     0.0292    -0.0131    0.00455     -0.016    0.00631    -0.0285    -0.0223     0.0293     0.0384 
  -0.00233   -0.00224   -0.00275    0.00403   -0.00662   -0.00168    0.00241   -0.00393   -0.00397   0.000756    0.00976 
 -0.000343    0.00222    -0.0205    0.00851    0.00262     0.0113   -0.00548     0.0292     0.0139    -0.0224    -0.0349 
   0.00114  -0.000546     0.0375    -0.0216   0.000862    -0.0262     0.0156    -0.0484     -0.031     0.0457     0.0658 
  -0.00327   -0.00176    -0.0365     0.0207  -0.000431     0.0264    -0.0123     0.0458     0.0303    -0.0401    -0.0579 
    0.0048   -0.00527     0.0519    -0.0202   -0.00394    -0.0368     0.0195    -0.0666    -0.0376     0.0619     0.0863 
  -0.00484   0.000724    -0.0303     0.0147    0.00123     0.0248    -0.0112     0.0437     0.0246    -0.0368    -0.0596 
   0.00572  -0.000483     0.0485    -0.0194   -0.00386    -0.0299     0.0185    -0.0646    -0.0391     0.0582      0.082 
  -0.00306     -0.001    -0.0162    0.00182   -0.00243    0.00836   -0.00766      0.014     0.0027     -0.011    -0.0149 

Checking A * B. Should be identity
         1  -6.94e-17  -9.99e-16   9.71e-17          0   8.88e-16  -6.66e-16   1.22e-15   1.72e-15     -2e-15  -2.22e-15 
 -2.22e-16          1     -2e-15   1.83e-15   5.55e-17   2.44e-15  -5.55e-16   4.33e-15   2.64e-15  -4.11e-15  -6.22e-15 
 -2.53e-15  -2.04e-15          1   7.08e-16  -8.33e-16  -6.11e-16  -1.05e-15   2.22e-16   1.64e-15  -8.88e-16  -2.55e-15 
  1.55e-15   8.05e-16      2e-15          1   4.44e-16  -4.44e-16   1.11e-15  -1.22e-15  -2.72e-15   2.11e-15   3.55e-15 
 -8.33e-17   1.67e-16  -1.78e-15      5e-16          1   2.33e-15  -7.77e-16   3.22e-15   1.22e-15  -1.78e-15  -2.22e-15 
  1.44e-15    1.4e-15  -1.83e-15   1.67e-16   8.05e-16          1  -3.61e-16   3.16e-15  -2.36e-16  -2.39e-15  -6.11e-16 
 -9.16e-16  -5.62e-16  -1.67e-15   1.17e-15  -3.05e-16   5.55e-16          1          0   1.28e-15  -1.55e-15  -1.78e-15 
  2.95e-15   2.23e-15  -1.68e-15   3.19e-16   1.59e-15   2.21e-15    5.2e-16          1  -1.28e-15  -1.37e-15  -5.26e-15 
  1.97e-15   1.25e-15   8.88e-16  -1.67e-16   6.52e-16  -3.33e-16   1.22e-15  -1.67e-15          1   4.44e-16   1.33e-15 
 -2.89e-15  -2.26e-15          0    4.3e-16  -1.43e-15  -2.78e-16  -1.11e-15  -1.33e-15    1.8e-15          1   1.55e-15 
 -4.02e-15  -3.02e-15  -2.78e-16   5.55e-16  -1.76e-15  -9.99e-16  -1.78e-15  -2.53e-15   2.32e-15  -1.03e-15          1 
PASSED
