
Homework lineq B
Creating 11-by-11 matrix, A of random integers between -99 and 99
        20        -90        -29         43         86        -85        -40        -78        -68         27        -14 
       -22         -4         28         42        -29         40        -84          8        -65        -52        -77 
       -87         16        -70        -77         83        -45        -39         50         89         52        -13 
        -3         32        -62        -30        -18        -28         63         42         53         24        -52 
       -12         -2         45         82         37        -88         27        -25         90        -80         91 
        -2         95         53         13         63        -69        -95         59        -19         36         33 
        90         97         95          4        -98        -42         42         44         -8         -7         -2 
        64        -71         30        -24        -99         17        -50        -77         14         60        -32 
         5        -65        -58         15         67          8         33         38         93        -56         10 
        53          7         47         86        -66        -89        -30         32        -53         27         -2 
       -99        -68         25         82        -12        -69        -14         10        -42        -78         71 

Performing QR decomposisition.

B is the inverse of A:
   0.00339   -0.00426    -0.0318      0.035   -0.00654     0.0351   -0.00443     0.0187     0.0123    -0.0248     0.0138 
 -0.000903   -0.00114    -0.0281     0.0365   5.42e-05     0.0314    -0.0101      0.013    0.00028    -0.0221     0.0104 
  -0.00172    0.00837     0.0739    -0.0944     0.0118    -0.0814      0.025    -0.0419    -0.0164     0.0577    -0.0383 
  -0.00532    0.00365     0.0184    -0.0259    0.00908    -0.0261   -0.00512    -0.0162   -0.00769     0.0292    -0.0177 
   0.00208    0.00311     0.0296    -0.0394    0.00485    -0.0321    0.00851    -0.0207   -0.00498      0.023    -0.0186 
  -0.00579     0.0015     0.0132    -0.0234     0.0023    -0.0186   -0.00179     -0.011   -0.00352      0.016    -0.0126 
 -0.000487    0.00111     0.0375    -0.0469    0.00605    -0.0476     0.0118    -0.0266    -0.0104     0.0325    -0.0213 
  -0.00267   0.000131     0.0164    -0.0209    -0.0037    -0.0153    0.00678    -0.0101    0.00357     0.0157    -0.0053 
  -0.00349    0.00245     0.0138    -0.0139    0.00693    -0.0138   0.000783   -0.00449   -0.00183     0.0117   -0.00956 
  -0.00485   0.000136     0.0449    -0.0564    0.00703    -0.0507    0.00469    -0.0268    -0.0138     0.0453    -0.0281 
  -0.00177    -0.0104    -0.0381     0.0411   -0.00712     0.0431    -0.0121     0.0219    0.00901    -0.0295     0.0221 

Checking A * B. Should be identity
         1   5.55e-17  -1.11e-16   5.55e-16   2.22e-16  -1.11e-16  -2.78e-17   3.33e-16  -1.39e-16   2.78e-16  -4.44e-16 
 -1.94e-16          1   4.44e-16  -8.88e-16  -2.22e-16   1.33e-15  -4.44e-16  -2.22e-16  -2.22e-16   1.78e-15          0 
 -5.27e-16   3.89e-16          1   1.11e-16  -1.05e-15  -1.67e-15   4.44e-16  -2.11e-15   -4.3e-16   1.44e-15  -1.44e-15 
   6.8e-16  -3.33e-16   1.11e-15          1   1.33e-15  -1.78e-15   1.11e-16   1.55e-15   2.78e-16  -2.22e-16   1.78e-15 
 -5.55e-17          0   4.44e-16  -1.78e-15          1   2.22e-15  -2.22e-16     -2e-15          0   4.44e-16  -4.44e-16 
  4.93e-16  -3.89e-16          0  -2.66e-15   9.16e-16          1  -5.55e-17   1.44e-15   5.55e-16   5.55e-16   1.11e-15 
 -2.64e-16  -3.12e-17   4.02e-16  -4.72e-16  -2.13e-16    1.1e-15          1  -5.76e-16  -5.59e-16   8.67e-16  -9.16e-16 
   5.2e-16  -2.78e-16     -2e-15   1.33e-15   4.16e-16   1.55e-15  -1.67e-16          1   1.67e-16  -1.22e-15   1.78e-15 
 -3.47e-18  -8.33e-17  -1.78e-15   4.44e-16   2.91e-16  -4.44e-16   5.55e-17   7.22e-16          1   5.55e-16   6.66e-16 
  -1.6e-16   2.88e-16    1.8e-16   2.14e-15  -6.85e-16   1.37e-15  -4.23e-16  -7.63e-17  -2.12e-16          1  -8.88e-16 
  8.33e-17  -2.22e-16  -3.11e-15   8.88e-16   1.11e-16   1.33e-15   1.11e-16   2.44e-15   5.55e-16          0          1 
PASSED
